64 0
79 0
60 0
83 0
58 0
22 0
34 0
61 0
36 0
18 0
93 0
72 0
14 0
20 0
43 0
3 0
37 0
42 0
77 0
2 0
85 0
94 0
15 0
47 0
26 1
67 1
86 1
40 1
24 1
94 1
15 1
30 1
23 1
78 1
99 1
56 1
58 1
93 1
57 1
38 1
45 1
41 2
90 2
84 2
47 2
54 2
24 2
48 2
29 2
51 2
21 2
57 2
4 2
79 2
58 2
96 2
34 2
67 2
49 2
70 2
0 2
86 2
60 2
22 2
2 2
27 2
37 2
30 3
91 3
81 3
66 3
92 3
52 3
70 3
86 3
90 3
12 3
29 3
13 3
57 3
50 3
64 3
26 3
80 3
32 3
94 3
46 3
2 3
38 3
78 3
45 3
16 3
0 4
34 4
45 4
81 4
70 4
55 4
22 4
66 4
86 4
83 4
14 4
15 4
48 4
68 4
10 4
46 4
43 4
19 4
7 4
77 4
94 4
88 4
67 4
58 4
28 5
63 5
38 5
25 5
8 5
14 5
16 5
26 5
44 5
70 5
84 5
87 5
39 5
17 5
93 5
2 5
67 5
89 5
78 5
32 5
35 6
67 6
91 6
44 6
18 6
55 6
29 6
34 6
79 6
93 6
81 6
22 6
88 6
23 6
74 6
83 6
42 6
86 6
87 6
72 6
9 7
52 7
3 7
67 7
89 7
40 7
92 7
45 7
74 7
20 7
46 7
75 7
65 7
70 7
92 8
84 8
68 8
67 8
6 8
36 8
80 8
35 8
70 8
1 8
20 8
74 8
58 8
86 8
94 8
16 8
17 8
50 8
51 8
47 8
55 8
31 8
73 8
76 8
5 8
12 9
36 9
14 9
69 9
3 9
45 9
39 9
42 9
99 9
7 9
13 9
34 9
82 9
46 9
67 9
64 9
74 9
53 9
70 9
93 9
44 9
19 9
81 9
57 10
96 10
52 10
75 10
13 10
78 10
54 10
92 10
67 10
47 10
90 10
63 10
87 10
53 10
18 10
3 10
73 10
32 10
14 10
99 10
63 11
26 11
85 11
80 11
51 11
87 11
21 11
49 11
66 11
9 11
15 11
60 11
32 11
84 11
7 11
57 11
75 11
30 11
38 11
83 11
73 11
0 12
37 12
1 12
95 12
7 12
65 12
3 12
48 12
29 12
58 12
16 12
91 12
12 12
62 12
19 12
41 12
96 12
24 12
25 12
67 12
63 12
74 12
17 12
75 12
51 13
67 13
37 13
83 13
75 13
85 13
87 13
8 13
44 13
55 13
35 13
18 13
19 13
17 13
69 13
42 13
20 13
81 13
92 13
63 14
27 14
14 14
38 14
67 14
55 14
11 14
66 14
45 14
97 14
96 14
72 14
41 14
40 14
6 14
94 14
26 14
55 15
4 15
31 15
38 15
69 15
44 15
67 15
58 15
41 15
7 15
3 15
54 15
98 15
8 15
72 15
26 15
58 16
93 16
13 16
94 16
18 16
48 16
41 16
1 16
8 16
5 16
83 16
47 16
37 16
60 16
6 16
97 17
4 17
69 17
65 17
29 17
46 17
90 17
44 17
51 17
22 17
94 17
57 17
64 17
39 17
12 17
30 17
26 17
32 18
38 18
95 18
3 18
85 18
76 18
19 18
2 18
45 18
82 18
62 18
87 18
29 18
13 18
83 18
92 18
35 18
55 18
37 18
53 18
36 18
65 18
38 19
72 19
19 19
16 19
13 19
9 19
32 19
12 19
92 19
73 19
29 19
99 19
6 19
42 19
33 19
52 19
5 19
83 19
34 20
52 20
9 20
93 20
32 20
84 20
27 20
80 20
46 20
7 20
33 20
60 20
15 20
3 20
82 20
83 20
12 21
50 21
70 21
53 21
66 21
18 21
61 21
78 21
33 21
32 21
19 21
5 21
0 21
39 21
44 21
79 21
86 21
65 21
54 21
60 21
90 21
43 21
49 21
84 21
48 21
94 21
42 22
27 22
33 22
4 22
36 22
29 22
41 22
97 22
86 22
32 22
70 22
35 22
43 22
76 22
91 22
74 22
46 22
37 22
78 22
99 22
2 22
68 23
8 23
10 23
44 23
62 23
40 23
47 23
59 23
73 23
87 23
15 23
96 23
71 23
65 23
12 23
66 23
93 23
9 23
14 23
49 23
91 23
33 23
87 24
75 24
84 24
77 24
71 24
11 24
53 24
51 24
89 24
81 24
69 24
1 24
58 24
99 24
13 24
54 24
61 24
78 24
28 25
33 25
1 25
27 25
26 25
65 25
66 25
6 25
52 25
18 25
12 25
19 25
3 25
24 25
81 25
39 25
11 26
9 26
12 26
91 26
34 26
42 26
10 26
47 26
86 26
61 26
59 26
40 26
55 26
69 26
24 26
46 26
18 26
71 26
30 26
29 26
92 27
83 27
53 27
80 27
66 27
25 27
8 27
70 27
74 27
64 27
16 27
10 27
43 27
84 27
89 27
52 27
47 27
65 27
5 27
51 27
13 27
55 27
59 28
94 28
63 28
80 28
8 28
83 28
32 28
48 28
5 28
41 28
47 28
66 28
68 28
19 28
70 28
3 28
42 28
29 28
12 28
95 28
35 28
75 28
93 28
64 29
30 29
95 29
76 29
71 29
75 29
70 29
15 29
23 29
73 29
65 29
63 29
52 29
28 29
50 29
43 30
39 30
11 30
31 30
4 30
13 30
19 30
22 30
58 30
33 30
79 30
71 30
1 30
59 30
66 30
65 30
97 30
86 30
24 30
17 30
0 31
86 31
23 31
43 31
76 31
38 31
83 31
50 31
67 31
41 31
25 31
74 31
62 31
44 31
54 31
17 31
53 31
2 31
64 31
4 31
8 31
24 32
54 32
85 32
43 32
8 32
68 32
26 32
62 32
22 32
82 32
20 32
74 32
98 32
67 32
0 32
35 32
50 32
2 32
92 32
93 32
10 32
18 32
41 32
20 33
64 33
91 33
83 33
23 33
14 33
90 33
28 33
45 33
84 33
56 33
50 33
79 33
37 33
41 33
10 34
77 34
11 34
63 34
82 34
76 34
13 34
79 34
18 34
94 34
58 34
56 34
50 34
16 34
59 34
85 34
14 34
65 34
55 34
34 35
0 35
25 35
50 35
31 35
69 35
12 35
62 35
59 35
45 35
26 35
88 35
43 35
23 35
54 35
8 35
51 35
1 35
72 35
8 36
2 36
49 36
80 36
30 36
51 36
98 36
81 36
28 36
96 36
40 36
66 36
84 36
3 36
62 36
74 36
7 36
18 36
83 36
16 36
12 36
48 36
68 36
99 36
25 36
42 36
43 36
98 37
30 37
82 37
36 37
29 37
70 37
34 37
26 37
7 37
3 37
90 37
13 37
44 37
51 37
43 37
52 37
4 37
84 37
53 37
57 37
2 37
0 37
60 38
37 38
48 38
73 38
64 38
95 38
84 38
57 38
93 38
5 38
9 38
70 38
80 38
90 38
69 38
99 38
82 39
5 39
63 39
47 39
23 39
29 39
17 39
40 39
44 39
25 39
61 39
14 39
60 39
97 39
34 39
86 39
70 39
59 39
84 39
79 39
3 39
90 40
29 40
91 40
81 40
96 40
14 40
93 40
72 40
57 40
6 40
33 40
50 40
52 40
22 40
85 40
24 40
67 40
35 40
67 41
46 41
21 41
56 41
20 41
94 41
25 41
60 41
71 41
54 41
82 41
28 41
73 41
85 41
63 41
84 41
42 42
84 42
48 42
18 42
76 42
97 42
45 42
58 42
20 42
16 42
89 42
33 42
36 42
54 42
13 42
19 42
59 42
87 42
32 42
26 42
37 42
83 42
23 43
96 43
84 43
5 43
29 43
19 43
86 43
58 43
81 43
1 43
51 43
88 43
87 43
35 43
82 43
22 43
10 43
46 43
64 43
66 43
76 43
16 43
60 43
11 43
62 44
81 44
77 44
99 44
91 44
16 44
79 44
19 44
60 44
41 44
66 44
47 44
93 44
39 44
90 44
14 44
92 44
24 44
5 44
65 44
8 44
71 44
33 44
2 44
55 45
93 45
91 45
39 45
28 45
45 45
37 45
30 45
92 45
73 45
50 45
79 45
84 45
37 46
16 46
66 46
72 46
6 46
65 46
30 46
89 46
58 46
19 46
5 46
88 46
62 46
84 46
55 46
76 46
36 46
2 46
17 46
60 47
33 47
6 47
72 47
2 47
76 47
61 47
73 47
24 47
50 47
1 47
30 47
87 47
78 47
89 47
91 48
87 48
89 48
57 48
20 48
13 48
16 48
61 48
28 48
65 48
74 48
0 48
73 48
49 48
44 48
43 48
35 48
59 48
8 48
86 49
32 49
33 49
23 49
96 49
76 49
87 49
73 49
40 49
2 49
54 49
84 49
70 49
63 49
41 49
11 50
25 50
3 50
4 50
71 50
38 50
48 50
73 50
2 50
88 50
77 50
82 50
19 50
70 50
8 50
74 50
65 50
19 51
92 51
77 51
5 51
74 51
98 51
79 51
14 51
20 51
3 51
23 51
41 51
38 51
66 51
99 51
15 51
50 51
42 51
71 52
32 52
99 52
22 52
13 52
28 52
20 52
65 52
21 52
10 52
43 52
86 52
87 52
40 52
11 52
45 52
15 52
85 52
39 53
89 53
17 53
79 53
57 53
9 53
4 53
16 53
64 53
50 53
83 53
22 53
56 53
8 53
27 53
80 53
98 53
28 53
87 53
71 54
41 54
18 54
59 54
87 54
37 54
25 54
90 54
31 54
63 54
82 54
52 54
1 54
43 54
32 54
53 54
16 55
32 55
12 55
91 55
62 55
56 55
78 55
65 55
88 55
60 55
95 55
55 55
1 55
41 55
92 55
70 55
73 55
19 55
75 55
51 55
27 55
34 55
46 55
64 56
46 56
9 56
78 56
76 56
80 56
33 56
37 56
41 56
57 56
52 56
24 56
53 56
93 56
6 56
20 56
68 56
45 56
70 56
59 57
14 57
5 57
42 57
80 57
90 57
40 57
9 57
87 57
24 57
48 57
6 57
0 57
76 57
13 57
29 57
58 57
27 57
21 58
16 58
73 58
53 58
27 58
60 58
1 58
52 58
41 58
82 58
11 58
48 58
59 58
76 58
86 58
30 58
81 58
68 58
2 59
5 59
58 59
71 59
35 59
28 59
53 59
62 59
80 59
46 59
99 59
85 59
4 59
26 59
67 59
23 59
57 59
81 59
68 59
78 59
92 59
67 60
30 60
7 60
11 60
72 60
8 60
48 60
97 60
94 60
59 60
76 60
27 60
69 60
29 60
51 60
44 60
47 60
5 60
49 61
60 61
7 61
11 61
95 61
4 61
2 61
32 61
61 61
23 61
19 61
79 61
8 61
34 61
21 61
38 61
51 61
31 61
64 61
50 61
85 61
69 62
98 62
91 62
61 62
81 62
0 62
65 62
23 62
88 62
35 62
31 62
50 62
3 62
42 62
70 62
57 62
8 62
92 62
33 62
5 62
30 62
89 62
78 62
19 62
81 63
65 63
5 63
80 63
38 63
4 63
9 63
97 63
48 63
88 63
31 63
60 63
63 63
18 63
93 63
76 63
87 63
27 63
75 63
35 63
34 63
47 63
24 63
56 63
15 64
71 64
13 64
23 64
22 64
81 64
26 64
68 64
78 64
37 64
48 64
75 64
63 64
62 64
4 64
52 64
50 64
86 64
24 64
49 64
9 64
65 64
7 65
87 65
21 65
56 65
55 65
50 65
63 65
24 65
80 65
69 65
19 65
64 65
98 65
95 65
5 66
33 66
60 66
20 66
94 66
29 66
81 66
49 66
57 66
48 66
71 66
30 66
8 66
56 66
24 66
32 66
46 66
86 66
84 66
76 66
73 66
11 66
6 66
67 66
9 66
68 67
98 67
46 67
2 67
95 67
69 67
51 67
28 67
61 67
43 67
25 67
90 67
8 67
18 67
97 67
16 67
59 67
36 67
73 67
42 67
76 67
1 67
62 67
63 67
37 67
3 67
47 67
10 67
91 67
86 68
50 68
80 68
94 68
16 68
45 68
42 68
44 68
81 68
87 68
93 68
27 68
8 68
4 68
19 68
68 68
53 68
76 68
9 68
66 68
7 68
44 69
40 69
75 69
0 69
60 69
20 69
69 69
5 69
29 69
78 69
6 69
8 69
87 69
42 69
32 69
30 69
70 69
34 69
94 69
68 69
77 69
8 70
24 70
42 70
70 70
51 70
30 70
19 70
96 70
36 70
63 70
71 70
31 70
82 70
52 70
85 70
49 70
26 70
12 70
53 71
73 71
44 71
65 71
7 71
93 71
31 71
10 71
89 71
46 71
75 71
26 71
2 71
20 71
32 71
69 71
88 71
72 71
97 71
21 71
84 71
9 71
57 72
85 72
81 72
70 72
74 72
97 72
66 72
62 72
76 72
60 72
25 72
54 72
18 72
75 72
0 72
17 72
58 72
45 72
31 72
79 72
51 72
78 72
64 72
65 72
72 73
73 73
94 73
22 73
58 73
52 73
80 73
1 73
81 73
98 73
36 73
56 73
61 73
20 74
64 74
48 74
2 74
43 74
15 74
6 74
7 74
8 74
63 74
18 74
26 74
44 74
72 74
39 74
9 74
86 74
1 74
33 74
38 75
43 75
7 75
55 75
69 75
49 75
87 75
65 75
39 75
51 75
68 75
24 75
9 75
11 75
48 75
73 75
62 76
65 76
19 76
50 76
78 76
20 76
63 76
54 76
85 76
43 76
5 76
15 76
73 76
9 76
91 76
29 76
40 76
2 76
27 76
49 76
74 77
9 77
59 77
4 77
58 77
78 77
76 77
31 77
3 77
49 77
32 77
46 77
55 77
71 77
72 77
11 77
54 77
13 77
26 77
2 77
11 78
64 78
54 78
53 78
31 78
39 78
65 78
57 78
82 78
71 78
19 78
66 78
45 78
44 78
37 78
20 79
26 79
58 79
59 79
27 79
33 79
40 79
38 79
55 79
80 79
74 79
17 79
16 79
19 79
84 79
91 79
22 79
14 79
10 79
88 79
32 79
70 79
61 79
72 79
80 80
96 80
65 80
85 80
58 80
30 80
91 80
43 80
45 80
90 80
46 80
82 80
20 80
29 80
25 80
0 80
88 80
62 80
53 80
87 80
63 80
66 80
38 80
32 81
49 81
81 81
55 81
34 81
1 81
83 81
45 81
90 81
62 81
80 81
79 81
88 81
9 81
84 82
63 82
85 82
53 82
70 82
13 82
3 82
20 82
55 82
39 82
49 82
0 82
97 82
45 82
80 82
32 82
44 82
48 82
81 82
15 82
69 82
11 82
82 82
21 83
82 83
53 83
43 83
41 83
83 83
52 83
4 83
66 83
56 83
27 83
18 83
86 83
24 83
77 83
85 83
81 83
76 83
23 83
5 84
36 84
75 84
33 84
93 84
76 84
69 84
12 84
99 84
19 84
82 84
7 84
53 84
43 84
67 84
74 84
4 84
58 84
86 84
18 84
37 84
64 85
18 85
80 85
17 85
77 85
88 85
34 85
73 85
3 85
41 85
6 85
16 85
59 85
68 85
66 85
51 85
71 85
10 85
79 85
36 85
85 86
41 86
0 86
32 86
59 86
86 86
99 86
98 86
23 86
20 86
80 86
65 86
25 86
17 86
78 86
54 86
71 86
30 86
82 86
84 86
79 86
76 86
60 86
21 87
92 87
96 87
79 87
37 87
55 87
67 87
97 87
86 87
74 87
90 87
93 87
32 87
25 87
64 87
75 87
65 87
40 87
83 87
76 87
11 87
15 87
82 88
94 88
16 88
30 88
33 88
56 88
24 88
90 88
61 88
69 88
5 88
3 88
22 88
23 88
46 88
64 88
77 88
53 88
84 88
68 88
27 89
90 89
92 89
65 89
76 89
46 89
54 89
61 89
70 89
96 89
31 89
34 89
94 89
38 89
78 89
41 89
81 89
24 89
30 89
86 89
93 89
60 89
45 89
40 89
83 89
79 90
5 90
76 90
88 90
23 90
58 90
82 90
22 90
1 90
17 90
74 90
39 90
25 90
50 90
94 90
96 90
37 90
86 90
83 90
18 91
86 91
22 91
89 91
58 91
62 91
48 91
41 91
16 91
14 91
96 91
95 91
75 91
63 91
70 91
46 91
45 91
10 91
81 91
31 92
87 92
46 92
92 92
76 92
64 92
84 92
72 92
90 92
52 92
20 92
79 92
55 92
37 92
15 92
85 92
66 92
77 92
10 92
42 93
99 93
96 93
9 93
36 93
38 93
70 93
77 93
4 93
13 93
80 93
27 93
53 93
20 93
29 93
51 93
19 93
56 93
95 94
82 94
4 94
47 94
57 94
81 94
13 94
43 94
97 94
53 94
20 94
41 94
32 94
8 94
85 94
29 94
58 94
11 94
87 95
88 95
7 95
20 95
81 95
69 95
68 95
30 95
28 95
13 95
67 95
77 95
70 95
42 95
53 95
41 95
75 95
44 95
95 95
40 95
48 95
11 95
1 95
5 95
45 95
36 96
15 96
41 96
78 96
32 96
40 96
29 96
98 96
70 96
86 96
75 96
77 96
90 96
61 96
92 96
80 96
38 96
8 96
17 97
51 97
44 97
38 97
2 97
95 97
92 97
19 97
11 97
5 97
21 97
14 97
79 97
54 97
47 97
48 97
50 97
1 97
22 97
41 97
66 97
22 98
2 98
43 98
50 98
29 98
12 98
36 98
63 98
53 98
9 98
55 98
61 98
37 98
54 98
58 98
47 98
34 98
94 98
4 98
96 98
73 98
29 99
7 99
71 99
91 99
16 99
63 99
10 99
69 99
26 99
83 99
32 99
62 99
4 99
89 99
46 99
20 99
11 99
28 99
58 99
39 99
21 99
